# start matrix for calculating Pr(AA:BB) for autosome in 4-way RIL
AA|BB (2)    1/2  0   0   0   0      0   0   0   0   0      0   0   0   0 
AA|BC (16)    0   0   0   0   0      0  1/2  0   0   0      0   0   0   0 
AA|CC (4)     0  1/2  0   0   0      0   0   0   0   0      0   0   0   0 
AA|CD (8)     0   0  1/2  0   0      0   0   0   0   0      0   0   0   0 
AB|BA (2)     0   0   0   0   0     1/2  0   0   0   0      0   0   0   0 
AB|BC (16)    0   0   0   0   0      0   0  1/2  0   0      0   0   0   0 
AB|CD (4)     0   0   0   0  1/2     0   0   0   0   0      0   0   0   0 
AC|BD (4)     0   0   0   0   0      0   0   0   0   0     1/2  0   0   0 
AC|CA (4)     0   0   0   0   0      0   0   0   0   0      0  1/2  0   0 
AC|CB (8)     0   0   0   0   0      0   0   0   0   0      0   0  1/2  0 
AC|DB (4)     0   0   0   0   0      0   0   0   0   0      0   0   0  1/2
